15775
13682
4721
19976
31602
22804
31356
5444
7470
21096
14457
26157
14265
1729
30577
32140
23949
15105
4276
10552
17936
24007
2198
11296
3762
18518
6889
22295
29129
8772
4926
25186
3884
21479
27866
21507
8849
13183
30330
32451
17319
22819
30151
26114
3058
17773
1687
4671
15978
18148
12778
8805
19667
18990
30879
9691
22235
242
19961
2889
32501
2958
15830
12332
12536
4478
15017
23832
13942
29831
20284
15056
13533
2727
12328
3080
29008
2748
26895
14324
30275
6134
8608
29080
30424
6142
13896
1999
3069
16355
8376
10776
10050
969
27676
11812
22395
21840
12565
8736
15130
23749
21882
14274
15433
6411
3027
21525
29386
4680
20113
20485
18319
2895
21263
13738
13848
24016
12361
1621
18320
27969
13662
21851
9127