209
1221
1064
838
1535
577
511
1205
1691
1052
1416
827
1967
1544
1798
731
1539
1409
465
1451
624
1958
381
1675
1085
1652
1952
1033
454
366
1679
1429
107
64
1781
1082
470
1238
180
984
1466
1916
1517
948
148
234
1396
1308
840
238
563
1446
1427
1299
1974
51
1855
801
197
1187
680
809
372
1262
1938
1695
458
918
1866
1734
1689
1915
1863
1530
1579
114
441
524
1099
1546
1226
198
696
1089
1078
903
1334
887
1214
1496
49
545
1580
1851
611
1002
1012
171
1173
34
823
909
1098
740
1016
1507
81
1020
1847
442
1438
45
687
859
894
164
320
268
1272
598
364
842
1582
1
1790
255
1818
1462
1430
1717
1599
193
149
923
1769
363
532
1264
421
1216
1149
1241
122
1865
815
1381
748
830
1787
455
283
1362
1811
1562
1722
1048
95
519
1073
228
494
480
1589
168
1897
1704
636
54
1323
607
1956
1017
513
205
375
634
1032
390
958
1189
867
1876
1237
430
1403
1538
601
1273
227
1024
1514
371
83
1259
203
724
1602
450
613
1706
606
616
558
1157
1950
997
1574
1183
436
699
1050
1661
67
326
505
1746
132
169
1337
819
639
944
166
1354
1436
1352
951
333
585
633
1771
1867
1629
35
1255
831
566
468
140
784
1192
1560
1163
1066
1568
1232
572
737
557
420
1112
287
314
612
191
1453
862
1783
1258
728
210
672
908
812
87
151
1394
928
701
1080
781
590
576
4
1604
1531
1494
279
453
178
377
1888
1278
53
580
401
1692
1932
1760
417
976
1240
1043
1779
1822
292
1261
1228
1476
1901
231
1431
400
463
265
246
1081
1113
1124
1001
1953
1365
1748
655
1331
233
131
1443
744
399
3
427
741
431
1635
1576
520
507
546
1572
200
1219
1996
293
1512
437
1110
1161
1402
668
92
1117
6
685
603
1791
1940
893
1978
1804
1405
688
706
1883
1681
1285
1819
882
620
1406
1489
974
1401
8
1377
290
1625
592
1000
1634
1008
1321
1252
1153
1907
1284
1222
355
236
478
1770
1329
719
1540
297
834
1610
1543
322
593
805
1998
1199
1304
933
72
1747
506
849
1745
1719
1404
1419
977
1984
860
247
1541
1552
1727
2
1186
597
1393
986
870
1923
816
791
1356
1607
392
1122
1965
424
318
837
981
964
1762
1492
1434
1849
1328
1833
541
1201
906
509
752
240
1677
858
1575
1623
746
1045
1049
1347
1917
416
499
1092
324
321
1370
1325
1620
362
147
476
275
722
1597
1454
1473
271
71
91
274
1499
1523
426
367
1475
492
725
1303
564
1422
1168
796
1119
517
1832
1718
1130
1103
1839
1435
412
110
775
892
1807
907
1487
1294
515
1723
10
760
1658
800
879
1969
1669
676
1263
103
425
1118
439
1135
68
877
682
1986
1944
139
714
1281
1142
794
1776
407
629
897
1003
905
1569
914
1548
1051
1071
414
1121
281
1990
1830
895
1711
1076
1077
174
1148
440
354
1290
1448
1853
697
316
36
249
1786
1859
820
1957
369
1242
60
1047
310
241
1920
1165
66
807
1550
983
953
679
841
1039
660
1633
186
1720
1533
1267
1991
670
1806
1640
138
632
342
804
218
111
644
1513
1225
1542
1275
1755
340
504
540
154
237
104
673
170
952
651
1515
1903
792
817
1913
24
329
1766
429
1320
159
1056
1803
594
1397
257
979
1931
1728
350
1040
14
305
1274
27
1653
1465
403
663
955
1174
57
1862
472
1630
352
1977
19
119
334
1975
848
1411
678
674
656
1846
925
723
1068
1083
1484
1351
158
1861
1789
1125
929
1586
778
1759
773
936
627
1667
1583
1983
1379
757
863
1363
1100
1227
1139
1383
1868
1793
1461
547
500
677
777
653
361
1058
1731
1414
767
341
990
1813
134
527
1493
747
1701
919
1985
732
1775
1344
884
1753
750
78
1495
821
1732
462
75
727
1301
63
726
1312
1164
1749
32
243
729
619
1444
667
474
1875
734
181
1686
1716
1642
1714
891
1384
1088
659
641
618
1792
1979
1463
1587
61
460
1075
294
1660
161
1360
182
1155
1649
654
1892
890
1485
248
901
1305
90
1924
1297
1456
686
941
1733
926
1850
1891
184
1841
269
561
1215
115
982
789
459
1257
380
125
1961
1821
617
1293
708
69
37
423
1079
276
1735
286
824
1371
693
405
799
382
1501
1059
1250
484
1848
610
1555
1460
935
1688
552
1158
1854
934
225
1482
378
1774
108
1524
738
1355
881
1162
1971
1650
1820
408
105
575
911
23
684
1838
898
1248
850
1726
1796
306
272
657
787
391
763
1197
126
1138
124
628
356
486
749
1035
1805
1788
533
1662
1509
1470
1646
1558
802
1206
1480
1333
1179
845
1185
1034
479
1516
626
1279
721
106
1498
1481
1420
501
591
1995
1987
1309
1856
1041
538
1029
146
1628
1387
730
1858
1244
1825
347
1773
1765
232
994
315
189
839
1964
289
1922
1145
1955
1571
1129
797
1981
1204
1069
846
428
1198
130
1095
348
1772
1298
2000
144
814
1946
536
1458
1280
196
1593
803
445
46
769
1018
373
1508
1937
989
1195
942
325
562
1563
825
712
1191
1831
1399
21
889
1067
485
1336
1962
1750
643
717
1729
1477
1905
1276
703
529
88
133
961
1553
1319
756
808
753
554
1898
1249
304
245
865
96
1123
883
806
1694
244
86
1022
1909
1588
715
1413
766
1802
252
1340
1132
1146
101
128
194
70
913
157
38
681
1180
1870
1715
1826
1144
1253
80
1503
1224
213
539
1234
1317
1256
921
1382
448
1342
1196
409
1871
1828
1740
1933
7
1758
1169
525
328
1038
1685
531
1114
1960
1973
1007
996
1835
631
1725
1025
671
1665
145
1994
1243
177
1592
1343
223
1963
1239
365
581
1440
1567
932
1751
1398
1254
1190
185
999
915
652
560
1632
1537
473
202
1673
1615
475
1559
1921
187
332
1757
1366
74
33
477
41
1013
1037
1710
1844
127
353
1926
1426
370
937
50
1966
1581
1670
1093
1644
922
456
1467
449
938
1090
971
1869
259
1693
438
219
1612
1873
360
1141
1269
1637
300
512
1235
1488
872
1724
705
1175
1638
1474
1464
615
1934
568
496
1211
683
1471
295
764
1778
1534
433
1700
1817
1566
709
1782
1671
135
199
759
1178
118
1641
762
100
280
1972
691
1181
1663
630
1388
1286
471
965
1506
1266
1042
215
1407
582
1672
1836
345
535
349
1947
1026
1057
298
277
502
1268
1074
1251
689
826
1368
1151
645
1270
700
386
1624
1170
1608
1837
11
263
1730
1618
242
1872
461
1322
583
1894
1109
221
1882
1657
774
278
302
1619
1415
1231
52
20
495
1739
595
1601
559
262
614
1785
195
273
1910
1551
1160
835
1015
1992
1137
39
226
970
176
1385
1954
172
1265
217
1573
1814
1425
1167
394
1061
904
493
1479
190
1968
335
1391
704
733
43
1993
1338
694
650
973
1611
528
1639
1445
368
1375
985
1390
1943
301
1455
1203
1911
1951
710
604
972
467
1927
338
201
1292
150
917
1009
1468
768
885
1120
1030
574
331
1878
489
1656
1107
229
152
1982
811
621
765
141
1353
1441
336
466
988
1549
1702
864
15
713
216
1395
120
256
1086
1310
1428
761
1065
1948
1091
490
422
1829
432
1209
183
319
1554
622
1154
497
482
1469
1288
1761
916
969
1302
1104
1935
1674
1794
1367
1372
1152
1752
358
291
1824
327
261
1880
992
1004
1346
1743
1594
1890
556
267
28
395
1418
1525
5
1150
1364
337
1949
755
488
1246
623
646
1654
1564
282
927
1874
1511
542
1055
309
483
1522
1245
1318
690
299
555
1011
1408
76
1357
711
65
1332
785
788
123
523
447
975
1424
160
1784
702
9
1432
155
599
113
608
388
1988
1816
822
798
1229
795
518
434
1999
600
851
609
1526
1703
886
946
1801
772
1893
93
549
1864
1116
1111
508
786
1070
1220
1510
1941
13
47
99
1361
1519
1054
48
253
1914
790
1709
1800
167
487
188
783
1742
1036
1006
998
31
1930
204
666
516
1845
1324
833
818
1102
924
1087
1622
1556
1491
498
94
642
1520
143
1386
1156
1626
956
1105
1895
912
855
357
346
1598
376
179
1584
206
1908
1684
1311
692
1027
1959
1184
116
1046
530
1578
1115
1271
1902
1374
1315
1767
165
1528
1896
1373
735
163
1307
662
1609
411
1108
836
1502
876
947
84
1713
383
1260
954
303
1980
1300
637
102
1840
1433
312
239
1177
42
1005
1291
648
1247
451
254
578
780
1721
1326
1912
871
1708
1423
260
565
1887
404
514
307
1655
584
878
1348
284
828
1097
1823
137
1136
222
1664
82
343
1200
665
960
1417
1884
1127
1809
1810
1545
1400
1860
1410
1643
1585
1457
896
1019
1339
939
1682
521
718
1777
18
396
661
695
1705
1928
1101
588
548
1500
1595
1171
1504
1350
1010
1879
1044
397
296
1697
1970
1518
832
389
1131
751
1447
1096
25
949
162
1389
1483
1218
1690
1369
1668
669
1797
1906
406
967
900
861
1918
1925
1812
1392
1497
776
1442
1521
1358
1712
569
387
959
384
270
793
330
413
1547
1014
1645
393
1532
534
1989
1194
16
968
1678
638
313
1421
1217
1976
1450
649
771
829
1486
587
56
1886
1128
945
418
1172
1023
446
1208
1843
214
58
571
230
1877
1736
1330
1577
522
1561
873
1590
1603
553
1376
443
843
1147
30
1207
567
1213
526
1795
902
978
22
1815
398
1053
1452
1614
579
175
1636
1166
1176
402
854
156
866
1505
251
1942
1536
444
1744
1084
266
664
464
1459
1140
1143
853
1527
1449
957
1134
208
1929
317
758
1919
435
1842
1236
1683
1277
1827
17
950
1359
880
59
481
173
1060
987
544
698
285
1094
1230
931
980
869
966
874
779
1699
419
1380
1223
77
1349
73
605
1627
852
1327
211
1696
543
339
1188
1289
40
1600
1062
250
1613
1565
1852
1900
1313
503
44
351
940
1490
220
1885
1314
782
910
1606
743
991
79
810
1202
1133
1335
857
1936
1764
469
1756
742
142
1316
1741
868
457
716
1738
658
962
344
98
589
1754
1287
1997
920
415
1437
109
510
1617
1106
258
1478
117
739
1707
963
410
736
1233
573
1631
235
85
153
1212
875
1345
1557
1591
452
1063
625
596
26
1605
1296
813
640
1889
1031
192
635
1596
1768
1616
1283
385
930
1904
1808
1799
899
1028
707
1763
29
1282
97
1306
770
1072
1698
1295
856
207
675
1378
308
943
1159
754
1182
745
647
993
12
89
323
570
1648
224
1021
1939
1680
1659
995
1651
1834
1472
1529
537
311
1412
1439
1780
1341
1737
888
586
1193
121
1899
264
129
1676
1881
379
551
1647
1687
1210
844
62
1666
847
112
602
1945
359
55
136
1570
720
550
491
212
374
1126
1857
288
1621
